## This script generates the list of pairs used in the experiment as an R
# structure in the correct format.

# David López Mejía, June 2014
tracklist <- structure(list(PairNumber = 1:190, Track.1 = structure(c(2L, 
                                                         2L, 2L, 2L, 2L, 2L, 2L, 2L, 2L, 2L, 2L, 2L, 2L, 2L, 2L, 2L, 2L, 
                                                         2L, 2L, 3L, 3L, 3L, 3L, 3L, 3L, 3L, 3L, 3L, 3L, 3L, 3L, 3L, 3L, 
                                                         3L, 3L, 3L, 3L, 4L, 4L, 4L, 4L, 4L, 4L, 4L, 4L, 4L, 4L, 4L, 4L, 
                                                         4L, 4L, 4L, 4L, 4L, 5L, 5L, 5L, 5L, 5L, 5L, 5L, 5L, 5L, 5L, 5L, 
                                                         5L, 5L, 5L, 5L, 5L, 1L, 1L, 1L, 1L, 1L, 1L, 1L, 1L, 1L, 1L, 1L, 
                                                         1L, 1L, 1L, 1L, 6L, 6L, 6L, 6L, 6L, 6L, 6L, 6L, 6L, 6L, 6L, 6L, 
                                                         6L, 6L, 10L, 10L, 10L, 10L, 10L, 10L, 10L, 10L, 10L, 10L, 10L, 
                                                         10L, 10L, 7L, 7L, 7L, 7L, 7L, 7L, 7L, 7L, 7L, 7L, 7L, 7L, 8L, 
                                                         8L, 8L, 8L, 8L, 8L, 8L, 8L, 8L, 8L, 8L, 9L, 9L, 9L, 9L, 9L, 9L, 
                                                         9L, 9L, 9L, 9L, 11L, 11L, 11L, 11L, 11L, 11L, 11L, 11L, 11L, 
                                                         12L, 12L, 12L, 12L, 12L, 12L, 12L, 12L, 13L, 13L, 13L, 13L, 13L, 
                                                         13L, 13L, 14L, 14L, 14L, 14L, 14L, 14L, 15L, 15L, 15L, 15L, 15L, 
                                                         16L, 16L, 16L, 16L, 17L, 17L, 17L, 18L, 18L, 19L), .Label = c("00030_11_01 Get Your Snack On_timbre.txt", 
                                                                                                                       "00094_02_02 - Cornish Acid_timbre.txt", "00115_04_02 Breezin_timbre.txt", 
                                                                                                                       "00123_16_02 Firestarter_timbre.txt", "00133_10_02 Loner_timbre.txt", 
                                                                                                                       "00175_11_02.Clark - Com Touch_timbre.txt", "00250_19_03. Afrojack - Die Hard (Original Mix)_timbre.txt", 
                                                                                                                       "00262_02_03. Teardrop_timbre.txt", "00371_17_05 - Original_timbre.txt", 
                                                                                                                       "00436_12_05.Underworld - Crocodile (Edit)_timbre.txt", "00524_15_07 - AROUND THE WORLD_timbre.txt", 
                                                                                                                       "00567_16_07 Soma_timbre.txt", "00659_10_08-Fat Controller_timbre.txt", 
                                                                                                                       "00845_03_11 - Flying Lotus - Parisian Goldfish_timbre.txt", 
                                                                                                                       "01014_32_14. Euphoria_timbre.txt", "01249_17_UMEK - Efortil_timbre.txt", 
                                                                                                                       "01299_03_01-Transformed Into Food_timbre.txt", "01300_08_02 - Clipper_timbre.txt", 
                                                                                                                       "01302_03_03 Amazordum_timbre.txt"), class = "factor"), Track.2 = structure(c(2L, 
                                                                                                                                                                                                     3L, 4L, 1L, 5L, 9L, 6L, 7L, 8L, 10L, 11L, 12L, 13L, 14L, 15L, 
                                                                                                                                                                                                     16L, 17L, 18L, 19L, 3L, 4L, 1L, 5L, 9L, 6L, 7L, 8L, 10L, 11L, 
                                                                                                                                                                                                     12L, 13L, 14L, 15L, 16L, 17L, 18L, 19L, 4L, 1L, 5L, 9L, 6L, 7L, 
                                                                                                                                                                                                     8L, 10L, 11L, 12L, 13L, 14L, 15L, 16L, 17L, 18L, 19L, 1L, 5L, 
                                                                                                                                                                                                     9L, 6L, 7L, 8L, 10L, 11L, 12L, 13L, 14L, 15L, 16L, 17L, 18L, 
                                                                                                                                                                                                     19L, 5L, 9L, 6L, 7L, 8L, 10L, 11L, 12L, 13L, 14L, 15L, 16L, 17L, 
                                                                                                                                                                                                     18L, 19L, 9L, 6L, 7L, 8L, 10L, 11L, 12L, 13L, 14L, 15L, 16L, 
                                                                                                                                                                                                     17L, 18L, 19L, 6L, 7L, 8L, 10L, 11L, 12L, 13L, 14L, 15L, 16L, 
                                                                                                                                                                                                     17L, 18L, 19L, 7L, 8L, 10L, 11L, 12L, 13L, 14L, 15L, 16L, 17L, 
                                                                                                                                                                                                     18L, 19L, 8L, 10L, 11L, 12L, 13L, 14L, 15L, 16L, 17L, 18L, 19L, 
                                                                                                                                                                                                     10L, 11L, 12L, 13L, 14L, 15L, 16L, 17L, 18L, 19L, 11L, 12L, 13L, 
                                                                                                                                                                                                     14L, 15L, 16L, 17L, 18L, 19L, 12L, 13L, 14L, 15L, 16L, 17L, 18L, 
                                                                                                                                                                                                     19L, 13L, 14L, 15L, 16L, 17L, 18L, 19L, 14L, 15L, 16L, 17L, 18L, 
                                                                                                                                                                                                     19L, 15L, 16L, 17L, 18L, 19L, 16L, 17L, 18L, 19L, 17L, 18L, 19L, 
                                                                                                                                                                                                     18L, 19L, 19L),